<pymongo.cursor.Cursor object at 0x7fa7b0c50410>
125001
125002
125003
125501
125502
125503
125504
125505
125506
125507
125508
700111
701071
704071
705071
121006
121007
121008
121501
121502
121503
121504
121505
121506
121507
121508
121509
122001
122002
122004
122501
122502
123001
123002
123003
123004
123005
123006
123007
123008
123009
123010
123011
123012
123013
123014
123015
123016
123017
123018
123019
123501
123502
123503
123504
123505
123506
123507
123508
123509
123510
123511
123512
124001
124002
124003
124004
124005
124006
124007
124008
124009
124010
124011
124012
124501
124502
124503
101011
101012
101501
102001
102002
102003
102004
102005
102006
102007
102008
103001
103002
103003
103004
103005
103006
103007
103008
103009
103010
103011
103012
103013
103014
103015
103016
103017
103018
103019
103020
103021
103022
103023
103024
103025
103026
103027
104001
104002
104003
104004
104005
104006
104007
104008
104009
104010
105001
105002
105003
105004
105005
105006
105007
105008
105009
106001
106002
106003
106004
106005
106006
106007
106008
106009
106010
106011
106012
106013
106014
106015
106016
106017
106018
106019
106020
106021
106022
106023
106024
107001
107002
107003
107004
107005
107006
107007
107008
107009
108001
108002
108003
108004
108005
108006
108007
108008
108009
109001
109002
109003
109004
109005
109006
109007
109008
109009
109010
109011
109012
109013
109014
110001
110002
110003
110004
110005
110006
110007
110008
111001
111002
111003
111004
111005
111006
111007
111008
112001
112002
112003
112004
112005
112006
112007
112008
112009
112010
112011
112012
112013
112014
112015
112016
112017
112018
112019
112020
112021
112022
112023
112024
112025
112026
112027
112028
112029
112030
112031
112032
113001
113002
113003
113004
113005
113006
113007
113008
113009
113010
113011
113012
113013
113014
114001
114002
114003
115001
115002
115003
115004
115005
115006
115007
115008
115009
115010
115011
115012
115013
115014
116001
116002
116003
116004
116005
116006
116007
116008
116009
116010
116011
116012
116013
116014
116015
116016
116017
117001
117002
118001
118002
118003
118004
118005
118006
118007
118008
118009
118010
118011
118012
119001
119002
119003
119004
119005
119006
119007
119008
119009
119010
120001
120002
120003
120004
120005
120006
120007
120008
120009
120010
120011
120012
120013
120014
120015
120016
120017
121001
121002
121003
121004
121005
8815
8816
8817
8818
8819
75188
75189
75190
75191
75192
75193
75194
75195
75196
75197
75198
75199
75200
75201
75202
75203
75204
75205
75206
75207
75208
75209
75210
75211
75212
75213
75214
75215
75216
75217
75218
75219
75220
75221
75222
75223
75224
75225
75226
75227
75228
75229
75230
75231
75232
75233
75234
75235
75236
75237
75238
75239
75240
75241
75242
75243
75244
75245
75246
75247
75248
75249
75250
75251
75252
75253
75254
75255
75256
75257
75258
75259
75260
75261
75262
75263
75264
75265
75266
75267
75268
75269
75270
75271
75272
75273
75274
75275
75276
75277
75278
75279
75280
75281
75282
75283
75284
75285
75286
75287
75288
75289
75290
75291
75292
75293
75294
75295
75296
75297
75298
75299
75300
75301
75302
75303
75304
75305
75306
75307
75308
75309
75310
75311
75312
75313
75314
75315
75316
75317
75318
75319
75320
75321
75322
75323
75324
75325
75326
75327
75328
75329
75330
75331
75332
75333
75334
75335
75336
75337
75338
75339
75340
75341
75342
75343
75344
75345
75346
75347
75348
75349
75350
75351
75352
75353
75354
75355
75356
75357
75358
75359
75360
75361
75362
75363
75364
75365
75366
75367
75368
75369
75370
75371
75372
75373
75374
75375
75376
75377
75378
75379
75380
75381
75382
75383
75384
75385
75386
75387
75388
75389
75390
75391
75392
75393
75394
75395
75396
75397
75398
75399
75400
75401
75402
75403
75404
75405
75406
75407
75408
75409
75410
75411
75412
75413
75420
75421
75422
75423
75424
75425
75426
75427
75428
75500
75501
75502
75503
75504
75505
75506
75507
75508
75509
75510
75511
75512
75513
75514
75515
75516
75517
75518
75519
75520
75521
75522
75523
75524
75525
75526
75527
75528
75529
75530
75531
75532
75533
75534
75535
75536
79000
79001
79002
79003
79004
79005
79006
79007
79008
79009
79010
79011
79012
79013
79014
79015
79016
79017
79018
79019
79020
79021
79022
79023
79024
79025
79026
79027
79028
79029
79030
79031
79032
79033
79034
80001
80002
80003
80004
80005
80006
80007
80008
80009
80010
80011
80012
80013
80014
80015
80016
80017
80018
80019
80020
80021
80022
80023
80024
80025
80026
80027
80028
80029
80030
80031
80032
80033
80034
80035
80036
80037
80038
80039
80040
80041
80042
80043
80044
80045
80046
80047
80048
80049
80050
80051
80052
80053
80054
80055
80056
80057
80058
80059
80060
80061
80062
80063
80064
80065
80066
80067
80068
80069
80070
80071
80072
80073
80074
80075
80076
80077
80078
80079
80080
80081
80082
80083
80084
80085
80086
80087
80088
80089
80090
80091
80092
80093
80094
80095
80096
80097
80098
80099
80100
80101
80102
80103
80104
80105
80106
80107
80108
80109
80110
80111
80112
80113
80114
80115
80116
80117
80118
80119
80120
80121
80122
80123
80124
99003
99004
99005
99006
99007
99008
99009
99010
100001
100002
100003
100004
100005
100006
100007
100008
100009
100010
100011
100012
100013
100014
100015
100016
101001
101002
101003
101004
101005
101006
101007
101008
101009
101010
1
2
3
4
5
6
7
8
9
10
11
12
13
14
15
16
17
18
19
20
21
22
23
24
25
26
27
28
29
30
31
32
33
34
35
36
37
38
39
40
41
42
43
44
45
46
47
48
49
50
51
52
53
54
55
56
57
58
59
61
63
65
68
69
70
71
73
74
75
79
1001
1002
1003
1004
1005
1006
1007
1008
1009
1010
1011
1013
1014
1015
1016
1017
1019
1020
1021
1022
1023
1024
1025
1026
1027
1028
1029
1030
1031
1032
1033
1034
1035
1036
1038
1039
1040
1045
1046
1047
1050
1051
1053
1054
2001
2002
2003
2004
2005
2006
2007
2009
2010
2011
2012
2013
2014
2015
2016
2017
2018
2019
2020
2021
2022
2023
2024
2025
2027
2028
2029
2031
2033
2034
2035
2036
2037
2038
2039
2040
2041
2042
2043
2044
2045
2046
2047
2049
2058
2059
3001
3002
3003
3004
3005
3006
3007
3008
3009
3010
3011
3012
3013
3014
3015
3016
3017
3018
3019
3020
3021
3022
3023
3024
3025
3027
3028
3029
3030
3031
3033
4001
4002
4003
4004
4005
4006
4007
4008
4009
4010
4011
4012
4013
4014
4015
4018
4019
4020
4021
4023
4024
4025
4026
4027
4028
4029
4030
4031
4032
4033
4035
4036
4037
4040
5001
5002
5003
5004
5005
5006
5007
5008
5009
5010
5011
5012
5013
5014
5015
5016
5017
5018
5019
5020
5021
5022
5023
5024
5025
5026
5027
5028
5029
5030
5031
5032
5033
5035
5037
5038
5039
5040
5041
5042
5043
5044
5045
5047
5049
5050
5051
5052
5053
5054
5055
5057
5059
5060
5062
5063
5064
5065
5066
5067
5068
5070
6001
6002
6003
6004
6005
6006
6007
6008
6009
6010
6011
6012
6013
6014
6015
6016
6018
6019
6020
6021
6022
6023
6024
6025
6026
6027
6028
6029
6030
6031
6032
6033
6034
6035
6036
6037
6039
6041
6042
6043
6044
6045
6048
6054
7001
7002
7003
7009
7010
7011
7012
7013
7014
7015
7017
7018
7019
7020
7021
7023
7024
7026
7027
7028
7029
7030
7031
7032
7033
7034
7035
7036
7037
7038
7039
7040
7041
7042
7044
7045
7046
7047
7048
7049
7050
7051
7052
7053
7054
7055
7056
7057
7058
7059
7060
7061
7062
7063
7064
7065
7066
7067
7070
7072
7076
7501
7502
7503
7504
7505
7506
7507
7509
7510
7511
7512
7513
7514
7515
7521
7522
7553
7554
8000
8001
8002
8003
8004
8005
8006
8007
8008
8009
8010
8011
8012
8013
8014
8015
8016
8017
8018
8019
8020
8021
8022
8023
8024
8025
8026
8027
8028
8029
8030
8031
8032
8033
8035
8036
8037
8038
8039
8040
8041
8042
8043
8044
8045
8046
8047
8048
8049
8050
8051
8052
8053
8054
8055
8056
8057
8058
8059
8060
8061
8062
8064
8065
8066
8067
8068
8069
8070
8078
8079
8080
8081
8082
8083
8701
8702
8703
8704
8705
8801
8802
8803
8804
8805
8806
8807
8808
8809
8810
8811
8812
8813
8814
8820
8821
8822
8823
8824
8825
8826
8827
8828
8829
8830
8831
8832
8833
8834
8835
8836
8837
8838
8839
8840
8841
8842
8843
8844
8845
8846
8847
8848
8849
8850
8851
8855
8858
8859
8860
8861
8862
8863
8865
8866
8867
8868
8869
8870
8871
8872
8873
8874
8875
8876
9002
9003
9004
9005
9006
9007
9008
9009
9013
9014
9015
9017
9018
9019
9020
9021
9022
9023
9024
9025
9027
9028
9029
9031
9032
9033
9036
10003
10004
10005
10006
10007
10008
10009
10010
10011
10012
10013
10015
10018
10019
10020
10021
10022
10026
10027
10028
10030
10031
10032
10034
10035
10036
10038
10039
11002
11006
11008
11009
11010
11014
11015
11016
11018
11021
11023
11025
11026
11031
11033
11034
11035
11036
11037
11039
11040
11043
58005
58008
58009
58011
58012
58013
58016
99999
8857
70001
70002
70003
70004
70005
70006
70007
70008
70009
70010
70011
70012
70013
70014
70015
70016
70017
70018
70019
70020
70021
70022
70023
70024
70025
70026
70027
70028
70029
70030
70031
70032
70033
70034
70035
70041
70042
70043
70044
70045
70046
70047
70048
70049
70050
70051
70052
70053
70054
70055
70056
70057
70058
70059
70061
70062
70063
70064
70065
70066
70067
70068
70069
70070
70071
70072
70073
70074
70075
70076
70077
70078
70079
70080
70081
70082
70083
70084
70085
70086
70087
70088
70089
70090
70091
70092
70101
70102
70103
70104
70105
70106
70107
70108
70109
70110
70111
70112
70113
70114
70115
70116
70117
70118
70119
70121
70122
70123
70124
70125
70126
70127
70128
70129
70130
70131
70132
70133
70141
70142
70143
70144
70145
70146
70147
70148
70149
70150
70151
70152
70153
70154
70155
70156
70157
70158
70159
70160
70161
70162
70163
70164
70165
70166
70167
70168
70169
70170
70171
70172
70173
70174
70175
70176
70177
70178
70179
70201
70202
70203
70204
70205
70206
70207
70208
70209
70210
70211
70212
70213
70214
70215
70216
70217
70218
70219
70221
70222
70224
70228
70229
70230
70231
70232
70233
70234
70235
70236
70237
70238
70239
70240
70241
70242
70244
70248
70249
70250
70251
70252
70253
70254
70255
70256
70257
70258
70259
70260
70261
70262
70263
70301
70302
70303
70304
70305
70306
70307
70308
70309
70310
70311
70312
70313
70314
70315
70316
70317
70318
70319
70320
70321
70401
70402
70403
70404
70405
70406
70407
70408
70409
70410
70411
70412
70421
70422
70423
70424
70425
70426
70427
70428
70429
70430
70431
70432
70433
70441
70442
70443
70444
70445
70446
70447
70448
70449
70450
70451
70452
70453
70501
70502
70601
70602
70701
70702
70703
70721
70722
70741
70742
70743
70744
70745
70746
70747
70801
70802
70803
70804
70805
70806
70807
70808
70809
70810
70811
70812
70813
70814
70815
70816
70817
70818
70819
70820
70821
70822
70823
70824
70825
70826
70827
70828
70829
70901
70902
70903
70904
70905
70906
70907
70908
70909
70910
70911
70912
70913
70914
70915
71001
71002
71003
71004
71005
71101
71102
71103
71104
71105
71106
71107
71108
71109
71110
71111
71112
71113
71114
71115
71116
71117
71118
71119
71120
71121
71122
71123
71124
71141
71142
71143
71144
71145
71146
71147
71148
71149
71150
71151
71152
71153
71154
71155
71156
71157
71201
71202
71203
71204
71205
71206
71207
71208
71209
71210
71211
71212
71213
71301
71302
71303
71304
71305
71312
71313
71314
71315
71316
71317
71318
71319
71320
71401
71501
71502
71503
71504
71505
71506
71507
71508
71509
71510
71511
71512
71513
71514
71515
71516
71517
71521
71522
71523
71524
71525
71526
71527
71528
71529
71530
71531
71532
71533
71541
71542
71543
71544
71545
71546
71547
71548
71549
71550
71551
71552
71553
71601
71602
71603
71604
71605
71606
71607
71608
71609
71610
71611
71612
71613
71614
71615
71616
71617
71621
71622
71623
71624
71625
71626
71627
71628
71629
71630
71631
71632
71701
71702
71703
71704
71705
71706
71707
71708
71709
71710
71711
71712
71713
71714
71801
71802
71803
71804
72001
72002
72003
72004
72005
72006
72007
72008
72009
72010
72011
72012
72013
72014
72015
74998
74999
75000
75001
75002
75003
75004
75005
75006
75007
75008
75009
75010
75011
75012
75013
75014
75015
75016
75017
75018
75019
75020
75021
75022
75023
75024
75025
75026
75027
75028
75029
75030
75031
75032
75033
75034
75035
75036
75037
75038
75039
75040
75041
75042
75043
75044
75045
75046
75047
75048
75049
75050
75051
75052
75053
75054
75055
75056
75057
75058
75059
75060
75061
75062
75063
75064
75065
75066
75067
75068
75069
75070
75071
75072
75073
75074
75075
75076
75077
75078
75079
75080
75081
75082
75083
75084
75085
75086
75087
75088
75089
75090
75091
75092
75093
75094
75095
75096
75097
75098
75099
75100
75101
75102
75103
75104
75105
75106
75107
75108
75109
75110
75111
75112
75113
75114
75115
75116
75117
75118
75119
75120
75121
75122
75123
75124
75125
75126
75127
75128
75129
75130
75131
75132
75133
75134
75135
75136
75137
75138
75139
75140
75141
75142
75143
75144
75145
75146
75147
75148
75149
75150
75151
75152
75153
75154
75155
75156
75157
75158
75159
75160
75161
75162
75163
75164
75165
75166
75167
75168
75169
75170
75171
75172
75173
75174
75175
75176
75177
75178
75179
75180
75181
75182
75183
75184
75185
75186
75187
