00001
00002
00003
00004
00005
00006
00007
00008
00009
00010
00011
00012
00013
00014
00015
00016
00017
00018
00019
00020
00021
00022
00023
00024
00025
00026
00027
00028
00029
00030
00031
00032
00033
00034
00035
00036
00037
00038
00039
00040
00041
00042
00043
00044
00045
00046
00047
00048
00049
00050
00051
00052
00053
00054
00055
00056
00057
00058
00059
00061
00063
00064
00065
00068
00069
00070
00071
00073
00074
00075
00076
00079
00082
00086
00104
00105
00106
00107
00108
01001
01002
01003
01004
01005
01006
01007
01008
01009
01010
01011
01012
01013
01014
01015
01016
01017
01019
01020
01021
01022
01023
01024
01025
01026
01027
01028
01029
01030
01031
01032
01033
01034
01038
01039
01040
01041
01042
01044
01045
01046
01047
01050
01051
01053
01054
01055
01056
01057
01058
01065
01069
02001
02002
02003
02004
02005
02006
02007
02008
02009
02010
02011
02012
02013
02014
02015
02016
02017
02018
02019
02020
02021
02022
02023
02024
02025
02026
02027
02028
02029
02031
02033
02034
02035
02036
02037
02038
02039
02040
02041
02042
02043
02044
02045
02047
02049
02052
02053
02054
02058
02059
02063
02066
02068
02069
02070
02073
02074
03001
03002
03003
03004
03005
03006
03007
03008
03009
03010
03011
03012
03013
03014
03015
03016
03017
03018
03019
03020
03021
03022
03023
03024
03025
03026
03027
03028
03029
03030
03031
03033
04001
04002
04003
04004
04005
04006
04007
04008
04009
04010
04011
04012
04013
04014
04015
04016
04017
04018
04019
04020
04021
04022
04023
04024
04025
04026
04027
04028
04029
04030
04031
04032
04033
04035
04036
04037
04040
04048
04049
04050
04051
05001
05002
05003
05004
05005
05006
05007
05008
05009
05010
05011
05012
05013
05014
05015
05016
05017
05018
05019
05020
05021
05022
05023
05024
05025
05026
05027
05028
05029
05030
05031
05032
05033
05035
05037
05038
05039
05040
05041
05042
05043
05044
05045
05047
05048
05049
05050
05051
05052
05053
05054
05055
05056
05057
05059
05060
05062
05063
05064
05065
05066
05067
05068
05069
05070
05074
05075
05076
05084
05092
06001
06002
06003
06004
06005
06006
06007
06008
06009
06010
06011
06012
06013
06014
06015
06016
06018
06019
06020
06021
06022
06023
06024
06025
06026
06027
06030
06033
06034
06035
06036
06037
06039
06040
06041
06042
06043
06044
06045
06046
06048
06052
06054
06055
06056
06058
06063
06066
06072
07001
07002
07003
07009
07010
07011
07012
07013
07014
07015
07017
07018
07019
07022
07023
07024
07026
07027
07028
07029
07030
07032
07033
07034
07035
07036
07037
07038
07040
07042
07044
07045
07046
07047
07048
07049
07050
07051
07052
07053
07054
07055
07056
07057
07058
07059
07060
07061
07062
07063
07064
07065
07066
07067
07070
07071
07072
07073
07074
07075
07076
07079
07085
07501
07502
07503
07504
07505
07506
07507
07508
07510
07511
07512
07513
07514
07515
07516
07520
07521
07522
07526
07527
07535
07536
07545
07550
07553
07554
07559
07573
07574
07575
07580
07581
07582
07591
07592
08000
08001
08002
08003
08004
08005
08006
08007
08008
08009
08010
08011
08012
08013
08014
08015
08016
08017
08018
08019
08020
08021
08022
08023
08024
08025
08026
08027
08028
08029
08030
08031
08032
08033
08035
08036
08037
08038
08039
08040
08041
08042
08043
08044
08045
08046
08047
08048
08049
08050
08051
08052
08053
08054
08055
08056
08057
08058
08059
08060
08061
08062
08063
08064
08065
08066
08067
08068
08069
08070
08071
08072
08073
08074
08075
08076
08077
08078
08079
08080
08081
08082
08083
08084
08085
08086
08087
08088
08089
08090
08091
08092
08093
08094
08095
08096
08097
08098
08099
08100
08101
08102
08103
08104
08105
08106
08107
08108
08109
08110
08111
08112
08113
08114
08115
08116
08117
08118
08119
08120
08121
08122
08123
08124
08125
08126
08127
08128
08129
08130
08131
08132
08133
08139
08140
08141
08142
08143
08144
08145
08146
08147
08148
08149
08150
08151
08152
08153
08154
08155
08156
08157
08158
08159
08160
08161
08162
08163
08164
08165
08166
08167
08168
08169
08170
08171
08172
08173
08174
08175
08701
08702
08703
08704
08705
08802
08803
08804
08805
08806
08807
08808
08809
08810
08811
08812
08813
08814
08815
08816
08817
08818
08819
08820
08821
08822
08823
08824
08825
08826
08827
08828
08829
08830
08831
08832
08833
08834
08835
08836
08837
08838
08839
08840
08841
08842
08843
08844
08845
08846
08847
08848
08849
08850
08851
08852
08853
08854
08855
08856
08857
08858
08859
08860
08861
08862
08863
08864
08865
08866
08867
08868
08869
08870
08871
08872
08873
08874
08875
08876
08877
08878
08879
08880
08881
08882
08883
08884
08885
08886
08887
08888
08889
08890
08891
09001
09002
09003
09004
09005
09006
09007
09008
09009
09013
09014
09015
09017
09018
09019
09020
09021
09022
09023
09024
09025
09027
09028
09029
09031
09032
09033
09035
09036
10003
10004
10005
10006
10007
10008
10009
10010
10011
10012
10013
10014
10015
10018
10019
10020
10021
10022
10026
10027
10028
10030
10031
10032
10034
10035
10036
10037
10038
10039
10040
10042
10045
11002
11006
11007
11008
11009
11010
11014
11015
11016
11018
11021
11022
11023
11024
11025
11026
11030
11031
11033
11034
11035
11036
11037
11038
11039
11040
11041
11043
11044
12002
12004
12005
12006
12008
12009
12010
12011
12012
12013
12015
12016
12017
12019
12020
12021
12022
12025
12026
12030
12031
12034
12035
12037
12039
12040
12042
12047
12048
13002
13003
13004
13005
13006
13007
13008
13009
13010
13011
13012
13013
13014
13015
13017
13019
13020
13021
13022
13023
13024
13025
13026
13028
13029
26168
26169
26170
26171
26172
26173
26174
26175
26176
26177
26178
26179
26180
58001
58005
58008
58009
58011
58012
58013
58016
58017
58018
58020
58021
58022
58023
58024
58025
58026
58027
58028
58029
58030
58031
58032
58033
58034